City_ID,City,Lat,Lng,Max Temp,Humidity,Cloudiness,Wind Speed,Country,Date
0,poxoreo,-15.8372,-54.3892,78.51,77,89,4.29,BR,1704672251
1,abancay,-13.6339,-72.8814,64.06,80,80,4.7,PE,1704672251
2,port alfred,-33.5906,26.891,65.17,95,100,1.99,ZA,1704672252
3,bethel,41.3712,-73.414,33.89,75,100,3.44,US,1704672252
4,utrik,11.2278,169.8474,80.01,67,38,17.92,MH,1704672252
5,namibe,-15.1961,12.1522,72.39,82,99,6.24,AO,1704672253
6,invercargill,-46.4,168.35,68.02,70,100,1.99,NZ,1704672198
7,fontanelas,38.8472,-9.4372,48.16,80,16,2.15,PT,1704672253
8,margaret river,-33.95,115.0667,73.02,55,88,3.22,AU,1704672244
9,edinburgh of the seven seas,-37.0676,-12.3116,61.68,73,100,7.99,SH,1704672254
10,west island,-12.1568,96.8225,80.58,83,40,14.97,CC,1704672254
11,bredasdorp,-34.5322,20.0403,60.57,78,72,3.44,ZA,1704672254
12,waitangi,-43.9535,-176.5597,58.82,66,49,7.96,NZ,1704672255
13,el burgo de osma,41.5862,-3.0652,30.15,91,15,8.21,ES,1704672255
14,ilulissat,69.2167,-51.1,19.42,68,100,17.27,GL,1704672255
15,thompson,55.7435,-97.8558,-16.44,83,20,2.3,CA,1704672036
16,nadym,65.5333,72.5167,-4.54,95,100,6.64,RU,1704672256
17,xilin hot,43.9667,116.0333,2.14,94,88,4.94,CN,1704672256
18,port-aux-francais,-49.35,70.2167,46.51,94,98,32.46,TF,1704672257
19,anadyr,64.75,177.4833,7.3,84,100,11.18,RU,1704671990
20,bilibino,68.0546,166.4372,-24.09,97,100,1.72,RU,1704672257
21,puerto natales,-51.7236,-72.4875,47.62,62,71,18.61,CL,1704672258
22,federacion,-31.0062,-57.8996,70.12,94,71,3.15,AR,1704672258
23,uturoa,-16.7333,-151.4333,81.37,76,62,8.68,PF,1704672258
24,motueka,-41.1333,173.0167,72.25,54,6,7.18,NZ,1704672258
25,fandriana,-20.2333,47.3833,64.9,98,100,2.01,MG,1704672259
26,sinabang,2.4803,96.3801,80.73,78,90,2.33,ID,1704672259
27,san antonio de pale,-1.4014,5.6325,80.98,77,20,6.69,GQ,1704672259
28,hermanus,-34.4187,19.2345,61.05,77,48,6.82,ZA,1704672260
29,bornu yassu,12.2774,12.5552,65.05,14,1,8.55,NG,1704672260
30,ponta delgada,37.7333,-25.6667,63.32,67,40,12.66,PT,1704672260
31,island harbour,50.724,-1.2758,37.98,76,21,10.0,GB,1704672261
32,puerto baquerizo moreno,-0.9,-89.6,76.87,82,94,9.06,EC,1704671967
33,inhambane,-23.865,35.3833,74.03,83,6,4.83,MZ,1704672261
34,maralal,1.0968,36.698,62.26,72,50,4.56,KE,1704672262
35,stanley,54.868,-1.6985,35.78,96,40,0.0,GB,1704672262
36,tiksi,71.6872,128.8694,-28.75,96,47,7.0,RU,1704672262
37,korinthos,37.9407,22.9573,52.45,77,49,6.13,GR,1704672263
38,susuman,62.7833,148.1667,-37.01,98,97,3.0,RU,1704672263
39,adamstown,-25.066,-130.1015,72.7,75,100,14.41,PN,1704672263
40,tura,25.5198,90.2201,55.53,68,0,2.44,IN,1704672264
41,quellon,-43.1167,-73.6167,53.89,80,80,8.86,CL,1704672264
42,vorgashor,67.5833,63.95,-6.43,99,100,7.76,RU,1704672264
43,argo,37.6333,22.7333,52.3,71,40,8.32,GR,1704672265
44,papatowai,-46.5619,169.4708,64.31,59,100,4.92,NZ,1704672265
45,iqaluit,63.7506,-68.5145,-11.47,70,75,3.44,CA,1704672211
46,longyearbyen,78.2186,15.6401,1.24,66,75,13.8,SJ,1704672265
47,rabo de peixe,37.8,-25.5833,62.11,67,40,12.66,PT,1704672266
48,college,64.8569,-147.8028,14.09,79,100,0.0,US,1704672266
49,puerto gaitan,4.3133,-72.0816,85.5,42,65,7.52,CO,1704672239
50,egilsstadir,65.2653,-14.3948,40.91,70,0,10.36,IS,1704672267
51,tolanaro,-25.0319,46.9987,73.47,100,75,13.8,MG,1704672267
52,richards bay,-28.783,32.0377,73.45,96,93,5.53,ZA,1704672037
53,ta`u,-14.2336,-169.5144,83.66,78,62,13.4,AS,1704672044
54,albany,42.6001,-73.9662,30.63,89,99,2.93,US,1704672186
55,katsuura,35.1333,140.3,43.0,51,5,12.84,JP,1704672268
56,mbaiki,3.8678,17.9892,70.47,31,37,2.21,CF,1704672268
57,turkestan,43.3333,68.25,40.98,81,100,3.47,KZ,1704672268
58,mount gambier,-37.8333,140.7667,62.67,86,100,12.19,AU,1704672263
59,hasaki,35.7333,140.8333,36.0,47,1,15.32,JP,1704672268
60,luderitz,-26.6481,15.1594,64.38,76,52,26.78,NA,1704672269
61,hamilton,39.1834,-84.5333,37.09,78,100,13.0,US,1704672242
62,ushuaia,-54.8,-68.3,49.66,53,40,17.27,AR,1704672129
63,keflavik,64.0049,-22.5624,46.83,100,100,27.63,IS,1704672269
64,talnakh,69.4865,88.3972,-5.8,98,100,10.4,RU,1704672269
65,pangkalpinang,-2.1333,106.1333,76.89,93,100,4.21,ID,1704672270
66,punta arenas,-53.15,-70.9167,50.11,50,0,19.57,CL,1704672270
67,sisimiut,66.9395,-53.6735,13.68,83,100,13.76,GL,1704672270
68,malkapur,20.8833,76.2,68.04,56,35,7.31,IN,1704672167
69,kodiak,57.79,-152.4072,36.91,70,0,3.44,US,1704672271
70,arraial do cabo,-22.9661,-42.0278,76.24,86,6,12.53,BR,1704672271
71,laguna,38.421,-121.4238,54.3,51,0,13.8,US,1704672271
72,kangal,39.2335,37.3911,34.18,78,100,10.67,TR,1704672272
73,salinopolis,-0.6136,-47.3561,78.69,86,100,8.48,BR,1704672272
74,maymana,35.9214,64.7836,39.16,85,92,3.04,AF,1704672273
75,rongelap,11.1635,166.8941,80.8,69,98,17.07,MH,1704672273
76,grytviken,-54.2811,-36.5092,41.52,75,38,2.04,GS,1704672273
77,mount pearl,47.5166,-52.7813,22.96,79,20,17.27,CA,1704672273
78,whitehorse,60.7161,-135.0538,0.37,77,75,17.27,CA,1704672127
79,lushun,38.8,121.2667,16.02,55,9,12.93,CN,1704672274
80,bogale,16.2833,95.4,68.77,68,18,6.17,MM,1704672274
81,leopoldina,-21.5319,-42.6431,73.42,95,27,2.62,BR,1704672176
82,fort st. john,56.2499,-120.8529,-5.91,77,20,5.75,CA,1704672274
83,puerto deseado,-47.7503,-65.8938,55.9,64,84,32.35,AR,1704672275
84,nagqu,31.5,92.0,2.05,57,0,3.94,CN,1704672275
85,dryden,49.7833,-92.7503,7.09,78,0,4.61,CA,1704672275
86,kununurra,-15.7667,128.7333,78.78,89,100,6.91,AU,1704672148
87,lata,40.1629,-8.3327,38.07,79,39,3.33,PT,1704672275
88,puerto ayora,-0.7393,-90.3518,78.55,93,100,5.01,EC,1704672276
89,yokadouma,3.5167,15.05,68.14,31,19,2.01,CM,1704672276
90,kavieng,-2.5744,150.7967,85.3,69,83,4.14,PG,1704672276
91,blackmans bay,-43.0167,147.3167,59.13,95,100,1.99,AU,1704672277
92,bassila,9.0081,1.6654,79.59,19,56,4.63,BJ,1704672277
93,isafjordur,66.0755,-23.124,39.94,95,99,12.39,IS,1704672277
94,akureyri,65.6835,-18.0878,44.53,65,0,23.02,IS,1704672277
95,rurrenabaque,-14.4413,-67.5278,79.2,81,37,2.46,BO,1704672278
96,kapa'a,22.0752,-159.319,82.38,73,75,17.27,US,1704672278
97,maturin,9.75,-63.1767,75.04,78,41,7.7,VE,1704672278
98,virac,13.6333,124.2167,72.23,88,98,11.34,PH,1704672278
99,atafu village,-8.5421,-172.5159,80.08,75,100,3.2,TK,1704672279
100,sassandra,4.95,-6.0833,80.04,88,25,5.7,CI,1704672279
101,kutulik,53.3508,102.7839,-7.55,100,72,1.88,RU,1704672279
102,yellowknife,62.456,-114.3525,-28.44,75,75,2.3,CA,1704672279
103,dyurtyuli,55.4911,54.8688,-13.47,96,59,12.15,RU,1704672280
104,saipan,15.1355,145.701,84.9,79,40,14.97,MP,1704672280
105,ribeira grande,38.5167,-28.7,60.78,76,63,8.99,PT,1704672280
106,naze,28.3667,129.4833,54.52,66,77,9.82,JP,1704672281
107,dali,25.7,100.1833,37.29,81,0,2.82,CN,1704672281
108,morehead city,34.7229,-76.726,52.03,70,0,9.22,US,1704672281
109,quincy,42.2529,-71.0023,28.24,92,100,17.27,US,1704671982
110,nelson bay,-32.7167,152.15,84.09,65,98,7.0,AU,1704672282
111,hami,42.8,93.45,17.74,74,59,3.42,CN,1704672282
112,lydenburg,-25.0978,30.4597,60.58,85,13,2.93,ZA,1704672282
113,calderitas,18.55,-88.25,80.71,78,0,12.66,MX,1704672282
114,kingston,17.997,-76.7936,83.35,81,20,9.22,JM,1704672282
115,viqueque,-8.8673,126.3658,86.02,66,100,2.19,TL,1704672283
116,wailua homesteads,22.0669,-159.378,81.03,74,75,17.27,US,1704672283
117,shkoder,42.0683,19.5126,50.95,86,100,5.1,AL,1704672283
118,qaqortoq,60.7167,-46.0333,34.52,98,100,7.94,GL,1704672284
119,bryne,58.7354,5.6477,26.98,75,8,6.91,NO,1704672284
120,douliu,23.7094,120.5433,63.77,58,78,1.16,TW,1704672285
121,amga,60.8953,131.9608,-56.24,100,70,1.12,RU,1704672008
122,st. john's,47.5649,-52.7093,23.79,78,20,17.27,CA,1704672199
123,tuzha,57.6062,47.936,0.55,95,60,9.62,RU,1704672287
124,machico,32.7,-16.7667,71.01,85,20,5.75,PT,1704672287
125,labrador city,52.9463,-66.9114,-20.29,76,0,2.3,CA,1704672019
126,polyarnyy,69.1989,33.4478,27.45,73,87,37.38,RU,1704672288
127,chos malal,-37.3781,-70.2709,66.25,30,0,14.09,AR,1704672290
128,cidreira,-30.1811,-50.2056,74.71,90,96,9.35,BR,1704672290
129,clarence town,-32.5833,151.7833,83.95,37,99,1.88,AU,1704672291
130,mili,6.0815,171.735,82.15,79,87,16.42,MH,1704672291
131,dabeiba,7.0017,-76.2672,76.68,99,86,0.76,CO,1704672291
132,tomohon,1.3346,124.8392,76.14,83,84,2.89,ID,1704672292
133,fortuna,40.5982,-124.1573,49.66,80,75,1.01,US,1704672292
134,mirny,62.5353,113.9611,-19.77,75,98,13.0,RU,1704672294
135,al bayda',32.7627,21.7551,46.6,77,31,15.7,LY,1704672294
136,ola,59.5833,151.2833,-25.24,89,19,6.89,RU,1704672294
137,olonkinbyen,70.9221,-8.7187,35.35,80,100,23.89,SJ,1704672295
138,hawaiian paradise park,19.5933,-154.9731,78.31,85,40,13.8,US,1704672296
139,enewetak,11.3474,162.3373,80.8,70,7,21.18,MH,1704672296
140,broken hill,-31.95,141.4333,74.25,58,0,13.67,AU,1704672296
141,lebu,-37.6167,-73.65,59.68,81,0,8.1,CL,1704672164
142,petropavlovsk-kamchatsky,53.0452,158.6483,3.45,78,20,11.99,RU,1704672297
143,taoudenni,22.6783,-3.9836,70.14,25,0,5.48,ML,1704672297
144,mount isa,-20.7333,139.5,80.37,78,100,6.91,AU,1704672257
145,pointe-du-lac,46.2869,-72.6845,21.79,86,100,17.27,CA,1704672297
146,conception bay south,47.4999,-52.9981,23.56,80,96,17.0,CA,1704672298
147,kudahuvadhoo,2.6708,72.8944,82.31,74,97,10.33,MV,1704672298
148,san patricio,28.017,-97.5169,67.84,67,96,16.13,US,1704672129
149,chonchi,-42.6128,-73.8092,60.01,87,52,4.34,CL,1704672175
150,harstad,68.799,16.5293,33.19,95,100,28.01,NO,1704672299
151,murzuq,25.9155,13.9184,53.94,28,40,3.85,LY,1704672299
152,road town,18.4167,-64.6167,78.84,73,20,5.75,VG,1704672299
153,mangrol,21.1167,70.1167,66.43,49,7,13.13,IN,1704672300
154,berezovyy,51.6667,135.7,-11.49,82,73,3.11,RU,1704672300
155,flying fish cove,-10.4217,105.6791,78.48,94,100,5.75,CX,1704672300
156,georgetown,5.4112,100.3354,76.95,94,20,3.44,MY,1704672014
157,burang,30.25,81.1667,13.17,34,0,3.53,CN,1704672301
158,dukhan,25.4297,50.7858,65.01,64,0,14.92,QA,1704672301
159,kenai,60.5544,-151.2583,37.09,95,100,4.61,US,1704672302
160,horta,38.5333,-28.6333,60.03,76,69,8.99,PT,1704672303
161,torghay,49.6339,63.4981,24.84,84,96,18.63,KZ,1704672298
162,kavaratti,10.5669,72.642,82.51,73,98,7.99,IN,1704672314
163,rio grande,-32.035,-52.0986,77.11,92,100,10.36,BR,1704672198
164,aoulef,26.9667,1.0833,61.02,26,92,6.42,DZ,1704672314
165,charters towers,-20.1,146.2667,85.24,57,87,6.62,AU,1704672323
166,shinkafi,13.0753,6.5105,68.34,14,1,8.95,NG,1704672324
167,saint-pierre,-21.3393,55.4781,78.48,73,100,3.44,RE,1704672325
168,boende,-0.2167,20.8667,72.25,87,76,2.24,CD,1704672325
169,bikapur,26.6,82.1333,52.23,92,0,6.11,IN,1704672326
170,mirabela,-16.2628,-44.1644,69.22,94,73,3.83,BR,1704672326
171,glen innes,-29.7333,151.7333,73.89,53,100,6.71,AU,1704672326
172,kourou,5.1552,-52.6478,80.65,84,69,5.73,GF,1704672326
173,codrington,-38.2667,141.9667,61.86,92,100,16.44,AU,1704672327
174,puerto colombia,10.9878,-74.9547,82.49,82,42,25.81,CO,1704672327
175,tsiombe,-25.3,45.4833,75.49,93,78,6.11,MG,1704672327
176,sikasso,10.9167,-7.0,79.25,18,66,4.38,ML,1704672328
177,chiredzi,-21.05,31.6667,70.7,81,38,3.6,ZW,1704672328
178,udachny,66.4167,112.4,-13.16,95,100,12.06,RU,1704672328
179,ugoofaaru,5.6667,73.0,81.3,76,58,6.78,MV,1704672328
180,price,39.5994,-110.8107,31.12,50,100,13.8,US,1704672329
181,ust-nera,64.5667,143.2,-46.84,98,82,3.6,RU,1704672329
182,avarua,-21.2078,-159.775,84.25,79,75,16.11,CK,1704672329
183,choyr,46.3611,108.3611,1.29,81,68,5.64,MN,1704672330
184,amos,48.5669,-78.1162,11.43,99,89,2.24,CA,1704672330
185,par naogaon,24.8029,88.9508,60.69,78,1,5.57,BD,1704672330
186,lake albert,-35.1667,147.3833,73.38,93,100,3.0,AU,1704672331
187,holmsund,63.706,20.3641,13.95,92,0,3.44,SE,1704672331
188,port mathurin,-19.6833,63.4167,81.1,75,16,6.2,MU,1704672331
189,jamestown,42.097,-79.2353,33.03,100,100,9.22,US,1704672331
190,grimes,41.6883,-93.7911,24.96,80,0,0.0,US,1704672075
191,recani,31.2846,-4.2688,50.05,40,4,2.62,MA,1704672332
192,bath,51.3779,-2.3591,36.68,81,11,7.09,GB,1704672332
193,kyosai,34.8503,128.5886,19.36,45,2,6.31,KR,1704672332
194,benguela,-12.5763,13.4055,77.34,75,100,1.59,AO,1704672332
195,kruisfontein,-34.0033,24.7314,63.88,87,100,6.71,ZA,1704672333
196,pedernales,18.0384,-71.744,77.67,76,8,4.14,DO,1704672333
197,inongo,-1.95,18.2667,73.58,85,93,5.28,CD,1704672333
198,midvagur,62.0511,-7.1939,41.83,81,75,6.91,FO,1704672335
199,kayenta,36.7278,-110.2546,26.44,73,100,16.06,US,1704672335
200,al jawf,29.5,38.75,57.51,63,1,8.9,SA,1704672335
201,colimes,-1.55,-80.0167,77.49,88,100,5.79,EC,1704672335
202,kargasok,59.0556,80.8572,-5.04,97,99,11.01,RU,1704672336
203,fort mcmurray,56.7268,-111.381,-4.41,77,40,4.61,CA,1704672336
204,las heras,-46.5419,-68.9359,64.81,19,36,22.01,AR,1704672052
205,revda,56.801,59.9303,-6.47,94,100,11.92,RU,1704672337
206,tual,-5.6667,132.75,83.86,76,81,11.07,ID,1704672337
207,natal,-5.795,-35.2094,81.25,78,40,6.91,BR,1704672337
208,mahina,-17.5065,-149.489,85.77,66,75,5.75,PF,1704672337
209,afaahiti,-17.75,-149.2833,84.07,81,53,10.45,PF,1704672338
210,mossel bay,-34.1831,22.146,62.53,82,99,1.36,ZA,1704672338
211,sao gabriel da cachoeira,-0.1303,-67.0892,77.16,88,65,0.63,BR,1704672339
212,eureka,40.8021,-124.1637,49.93,80,89,1.99,US,1704672339
213,port lincoln,-34.7333,135.8667,62.46,74,100,14.94,AU,1704672339
214,puerto san jose,13.9256,-90.8244,78.71,75,74,6.55,GT,1704672340
215,al kharijah,25.4514,30.5464,61.03,34,15,5.73,EG,1704672340
216,sydney,-33.8679,151.2073,79.9,73,0,8.05,AU,1704672284
217,celestun,20.8667,-90.4,75.49,84,89,17.18,MX,1704672341
218,badger,64.8,-147.5333,14.0,80,40,0.0,US,1704672341
219,aasiaat,68.7098,-52.8699,12.85,76,100,14.27,GL,1704672341
220,mo i rana,66.3128,14.1428,36.07,88,95,12.66,NO,1704672341
221,kijang,35.2442,129.2139,19.13,28,2,3.31,KR,1704672342
222,peniche,39.3558,-9.3811,43.29,63,18,4.14,PT,1704672263
223,ma'rib,15.4591,45.3253,58.71,49,41,5.03,YE,1704672342
224,lodwar,3.1191,35.5973,84.54,43,25,10.56,KE,1704672342
225,paracuru,-3.41,-39.0306,83.1,78,83,10.83,BR,1704672343
226,weno,7.4515,151.8468,87.75,62,20,10.36,FM,1704672343
227,xi'an,34.2583,108.9286,20.21,49,19,2.28,CN,1704672343
228,saldanha,-33.0117,17.9442,60.85,76,0,23.22,ZA,1704672343
229,beloyarskiy,63.7119,66.6722,-1.73,94,100,4.52,RU,1704672344
230,fort bragg,35.139,-79.006,51.35,49,0,8.01,US,1704672344
231,buka,40.8108,69.1986,47.61,84,100,2.84,UZ,1704672089
232,nyurba,63.2842,118.3319,-12.37,99,100,2.13,RU,1704672344
233,maumere,-8.6199,122.2111,83.93,74,63,1.68,ID,1704672144
234,salmas,38.1973,44.7653,33.19,65,93,2.1,IR,1704672345
235,trairi,-3.2778,-39.2689,80.42,78,98,9.01,BR,1704672089
236,san pedro carcha,15.4833,-90.2667,70.41,73,40,4.61,GT,1704672345
237,dawei,14.0833,98.2,70.74,76,21,3.58,MM,1704672345
238,gadzhiyevo,69.2551,33.3362,27.05,72,85,37.07,RU,1704672346
239,east london,-33.0153,27.9116,67.46,89,90,3.87,ZA,1704672346
240,taro,-8.3862,115.28,75.2,80,94,0.31,ID,1704672346
241,porto novo,6.4965,2.6036,84.02,83,15,6.13,BJ,1704672346
242,prado,-17.3411,-39.2208,76.87,90,100,3.69,BR,1704672346
243,saulkrasti,57.2622,24.4147,-13.05,87,3,3.2,LV,1704672347
244,praia,14.9215,-23.5087,73.94,35,0,9.22,CV,1704672347
245,timimoun,29.2639,0.231,48.58,29,0,4.61,DZ,1704672347
246,telhara,21.0269,76.8389,67.55,58,35,7.23,IN,1704672347
247,hadibu,12.65,54.0333,73.4,59,29,15.1,YE,1704672348
248,luancheng,37.8792,114.6517,17.76,75,81,2.53,CN,1704672348
249,flin flon,54.7682,-101.865,-11.36,70,20,4.61,CA,1704672348
250,holualoa,19.6228,-155.9522,76.84,76,40,9.22,US,1704672349
251,wanning,18.8003,110.3967,70.57,82,75,3.65,CN,1704672349
252,touros,-5.1989,-35.4608,80.83,75,65,8.5,BR,1704672349
253,pitanga,-24.7572,-51.7614,70.93,60,37,2.21,BR,1704672220
254,huadian,42.9633,126.7478,-2.47,90,82,2.06,CN,1704672350
255,yuxia,34.0615,108.6291,20.01,70,34,1.83,CN,1704672350
256,huarmey,-10.0681,-78.1522,73.6,82,87,8.16,PE,1704672350
257,mudgee,-32.5943,149.5871,68.61,90,100,5.79,AU,1704672350
258,noumea,-22.2763,166.4572,82.99,99,86,15.5,NC,1704672351
259,fale old settlement,-9.3852,-171.2468,82.83,72,76,10.45,TK,1704672351
260,santa maria,-29.6842,-53.8069,81.7,78,0,3.44,BR,1704672104
261,margate,51.3813,1.3862,38.7,64,49,8.01,GB,1704672057
262,taber,49.8167,-112.1518,12.4,85,100,4.63,CA,1704672351
263,cruzeiro do sul,-29.5128,-51.9853,73.04,97,87,3.04,BR,1704672352
264,laascaanood,8.4774,47.3597,63.45,68,50,9.51,SO,1704672115
265,toropets,56.4978,31.6353,-3.48,97,5,2.62,RU,1704672352
266,taguatinga,-12.3857,-46.5711,74.68,92,97,3.06,BR,1704672352
267,anavyssos,37.7333,23.95,58.84,61,7,28.43,GR,1704672352
268,remire-montjoly,4.9167,-52.2667,80.64,74,0,5.75,GF,1704672353
269,madang,-5.2246,145.7966,81.0,79,97,3.91,PG,1704672354
270,jinshi,29.6049,111.8701,44.76,67,99,3.15,CN,1704672354
271,brumunddal,60.881,10.9395,-1.08,92,7,2.39,NO,1704672354
272,zalingei,12.9096,23.4741,62.65,19,13,3.78,SD,1704672354
273,pyapon,16.2833,95.6833,68.81,60,12,6.53,MM,1704672355
274,san clemente del tuyu,-36.3569,-56.7235,69.98,85,46,12.55,AR,1704672355
275,sandnessjoen,66.0217,12.6316,34.32,72,100,14.12,NO,1704672355
276,jefferson city,38.5767,-92.1735,35.04,75,47,5.91,US,1704672064
277,vilyuysk,63.7553,121.6247,-27.71,98,100,4.81,RU,1704672356
278,nuku'alofa,-21.1333,-175.2,86.34,79,75,8.05,TO,1704672356
279,ketchikan,55.3422,-131.6461,35.58,80,20,5.75,US,1704672341
280,dongola,19.1667,30.4833,65.26,25,0,10.63,SD,1704672356
281,borisoglebskiy,57.2586,39.1508,-8.9,98,49,6.93,RU,1704672357
282,santa cruz de las flores,20.4833,-103.5,68.16,46,77,7.92,MX,1704672357
283,kaiapoi,-43.3783,172.6401,83.7,58,5,18.41,NZ,1704672116
284,ancud,-41.8697,-73.8203,57.04,82,52,7.58,CL,1704672357
285,vila franca do campo,37.7167,-25.4333,63.01,79,66,10.83,PT,1704672357
286,freetown,8.484,-13.2299,82.11,74,40,6.91,SL,1704672358
287,hun,29.1268,15.9477,52.81,30,40,6.64,LY,1704672358
288,kharp,66.8014,65.8081,-8.25,99,23,4.41,RU,1704672358
289,nzega,-2.479,29.5564,56.73,91,100,3.13,RW,1704672358
290,inarajan village,13.2736,144.7484,84.4,92,21,15.14,GU,1704672358
291,pacific grove,36.6177,-121.9166,56.39,63,0,13.0,US,1704672359
292,cadale,2.7603,46.3222,77.0,72,24,22.35,SO,1704672359
293,la passe,45.5549,-0.8967,41.23,82,74,11.7,FR,1704672359
294,scottburgh,-30.2867,30.7532,71.33,91,100,10.07,ZA,1704672359
295,lorengau,-2.0226,147.2712,83.68,77,90,4.59,PG,1704672359
296,coondapoor,13.6333,74.7,73.6,83,43,5.75,IN,1704672360
297,rabaul,-4.1967,152.1721,83.91,72,80,3.18,PG,1704672360
298,amarpur,25.0333,86.9,57.85,90,4,4.0,IN,1704672360
299,hope,33.6671,-93.5916,48.25,68,2,5.53,US,1704672360
300,haiku-pauwela,20.9219,-156.3051,82.42,51,20,14.97,US,1704672360
301,paranhos,-23.8928,-55.4311,80.89,48,14,5.44,BR,1704672361
302,noosa heads,-26.3833,153.15,83.1,82,100,8.12,AU,1704672272
303,znamenka,52.4167,41.4311,-8.18,96,83,4.61,RU,1704672361
304,sarupathar,26.1984,93.8094,53.94,86,0,1.19,IN,1704672361
305,najaf,31.9985,44.3398,53.35,34,5,4.27,IQ,1704672361
306,alice springs,-23.7,133.8833,81.95,69,1,10.04,AU,1704672362
307,dzhalagash,45.0833,64.6667,36.91,76,100,18.14,KZ,1704672362
308,pandan,14.0453,124.1694,78.78,88,91,16.6,PH,1704672362
309,chibougamau,49.9168,-74.3659,8.22,85,100,4.61,CA,1704672215
310,colonia,50.9333,6.95,31.59,70,100,16.11,DE,1704672363
311,la gi,10.6667,107.7833,74.5,80,100,8.34,VN,1704672363
312,gaspe,48.8334,-64.4819,15.71,73,20,6.91,CA,1704672160
313,saint-joseph,-21.3667,55.6167,77.38,82,39,7.9,RE,1704672363
314,dadukou,26.5479,101.7054,42.48,77,0,1.03,CN,1704672363
315,sitka,57.0531,-135.33,40.89,52,100,19.57,US,1704672364
316,port saint john's,-31.6229,29.5448,69.62,92,100,6.87,ZA,1704672364
317,muramatsu,37.6833,139.1833,34.86,75,100,13.44,JP,1704672364
318,el calafate,-50.3408,-72.2768,50.31,50,31,13.85,AR,1704672364
319,palangkaraya,-2.2,113.8333,77.29,92,99,1.39,ID,1704672365
320,klyuchi,52.2667,79.1667,31.37,96,100,22.44,RU,1704672365
321,villa juarez,24.6536,-107.5411,73.65,53,0,9.22,MX,1704672365
322,mineros,-17.1167,-63.2333,83.66,64,82,6.69,BO,1704672365
323,yola,9.2,12.4833,72.43,19,3,1.79,NG,1704672085
324,tobias barreto,-11.1839,-37.9983,74.68,82,32,12.75,BR,1704672263
325,tshikapa,-6.4167,20.8,72.34,94,100,0.92,CD,1704672366
326,tazovsky,67.4667,78.7,-15.88,100,47,6.17,RU,1704672366
327,arkhangel'sk,64.5401,40.5433,12.13,92,100,8.95,RU,1704672366
328,ang thong,14.6167,100.3667,71.91,67,9,0.56,TH,1704672367
329,kencong,-8.2833,113.3667,77.56,83,99,1.97,ID,1704672367
330,tazacorte,28.629,-17.9293,65.16,91,0,8.05,ES,1704672368
331,belle fourche,44.6714,-103.8522,35.51,59,100,2.53,US,1704672368
332,sathupalli,17.2497,80.869,66.06,74,50,3.33,IN,1704672368
333,solnechnyy,50.7214,136.6319,-17.97,96,69,2.89,RU,1704672368
334,tabou,4.423,-7.3528,81.1,83,18,7.96,CI,1704672369
335,yenangyaung,20.4667,94.8833,61.32,71,5,3.02,MM,1704672369
336,amungan,15.3652,119.9582,79.2,64,95,3.74,PH,1704672369
337,pierre,44.3683,-100.351,19.85,89,100,14.97,US,1704672369
338,daru,-9.0763,143.2092,77.49,91,100,6.17,PG,1704672370
339,puerto ayacucho,5.6639,-67.6236,84.51,49,64,3.58,VE,1704672370
340,al hilaliyya,14.9398,33.234,73.36,34,2,9.15,SD,1704672370
341,homer,59.6425,-151.5483,37.27,93,20,5.01,US,1704672371
342,crane,31.3974,-102.3501,55.31,39,1,26.84,US,1704672371
343,saint louis,38.6334,-90.4001,38.05,74,59,5.01,US,1704672371
344,beyneu,45.3167,55.2,37.15,83,92,5.08,KZ,1704672371
345,oranjemund,-28.55,16.4333,62.42,80,18,20.96,NA,1704672372
346,dunedin,-45.8742,170.5036,72.07,48,96,5.53,NZ,1704672373
347,calca,-13.3333,-71.95,65.55,81,73,5.35,PE,1704672373
348,san luis ixcan,15.7872,-91.095,74.3,84,74,1.68,GT,1704672373
349,babadag,44.9,28.7167,39.07,93,75,27.63,RO,1704672374
350,taltal,-25.4,-70.4833,70.7,72,14,5.57,CL,1704672093
351,kalmunai,7.4167,81.8167,77.07,89,98,3.33,LK,1704672374
352,itaituba,-4.2761,-55.9836,74.07,99,94,2.48,BR,1704672332
353,kastamonu,41.5,33.6667,46.29,85,87,4.76,TR,1704672375
354,san miguel,13.4833,-88.1833,80.94,43,7,1.97,SV,1704672375
355,plymouth,41.8334,-70.8328,32.72,94,100,19.57,US,1704672127
356,marang,5.2056,103.2059,80.51,88,91,4.14,MY,1704672376
357,san luis de la loma,17.2706,-100.8939,78.62,73,100,1.7,MX,1704672191
358,portland,45.5234,-122.6762,46.72,87,100,4.61,US,1704672130
359,zapolyarnyy,69.4154,30.8136,24.08,89,92,17.96,RU,1704672376
360,kaihua,23.3687,104.28,53.98,95,89,4.59,CN,1704672376
361,swan hill,-35.3378,143.5544,74.68,73,61,13.58,AU,1704672377
362,kalabo,-14.97,22.6814,69.28,92,100,4.76,ZM,1704672377
363,port elizabeth,-33.918,25.5701,66.09,91,40,11.5,ZA,1704672377
364,hovd,48.0056,91.6419,11.8,91,89,2.26,MN,1704672377
365,vadso,70.0744,29.7487,25.68,80,20,12.66,NO,1704672110
366,mandera,3.9366,41.867,80.71,29,18,9.22,KE,1704672378
367,cabo san lucas,22.8909,-109.9124,76.6,49,0,13.8,MX,1704672210
368,san andres,12.5847,-81.7006,84.22,70,20,14.97,CO,1704672138
369,minas de marcona,-15.2119,-75.1103,65.37,73,100,12.39,PE,1704672184
370,mejit,10.2753,170.8646,80.01,64,49,15.64,MH,1704672380
371,peace river,56.2501,-117.286,-9.09,77,20,2.3,CA,1704672380
372,igrim,63.1906,64.4162,-2.16,97,100,6.53,RU,1704672380
373,wuyang,31.9925,116.2472,37.09,74,100,7.14,CN,1704672380
374,brookings,44.3114,-96.7984,21.18,80,0,5.75,US,1704672118
375,balaka,-14.9793,34.9558,70.05,98,100,3.42,MW,1704672381
376,barreirinhas,-2.7469,-42.8264,77.43,88,68,6.76,BR,1704672381
377,shingu,33.7333,135.9833,40.6,53,6,4.99,JP,1704672381
378,newman,37.3138,-121.0208,52.14,50,0,13.0,US,1704672381
379,summerland,49.5998,-119.6691,33.98,40,75,13.8,CA,1704672382
380,carnarvon,-24.8667,113.6333,75.49,77,0,14.0,AU,1704672382
381,miyaly,48.8844,53.7836,13.86,75,27,12.03,KZ,1704672382
382,lethem,3.3803,-59.7968,83.35,48,77,10.04,GY,1704672382
383,nova sintra,14.8667,-24.7167,71.17,71,1,11.7,CV,1704672383
384,buchanan,5.8808,-10.0467,80.58,88,23,6.71,LR,1704672383
385,urengoy,65.9667,78.3667,-7.53,95,100,7.4,RU,1704672383
386,iskateley,67.6803,53.1512,5.02,94,67,8.99,RU,1704672383
387,licata,37.1071,13.9461,48.24,68,65,25.08,IT,1704672384
388,atar,20.5169,-13.0499,67.68,17,0,7.09,MR,1704672384
389,pisco,-13.7,-76.2167,73.45,83,0,20.71,PE,1704672384
390,nizhneangarsk,55.7833,109.55,0.0,94,70,4.0,RU,1704672384
391,franeker,53.1855,5.5412,33.78,87,100,5.75,NL,1704672385
392,qamdo,31.1667,97.2333,10.24,44,0,1.88,CN,1704672385
393,pen,18.75,73.0833,78.84,64,13,4.14,IN,1704672385
394,neftekumsk,44.6667,44.9167,37.6,84,98,9.44,RU,1704672385
395,ciudad acuna,29.3232,-100.9522,68.29,49,100,20.71,MX,1704672160
396,dzilam gonzalez,21.2833,-88.9333,75.33,83,78,9.66,MX,1704672386
397,port moresby,-9.4431,147.1797,85.42,70,20,6.91,PG,1704672131
398,carinhanha,-14.3047,-43.765,74.34,86,60,1.74,BR,1704672295
399,kurchatov,51.6601,35.6521,2.41,90,100,12.57,RU,1704672386
400,warrnambool,-38.3833,142.4833,61.79,93,100,17.29,AU,1704672387
401,conduaga,8.862,117.4893,80.73,80,81,2.86,PH,1704672387
402,toliara,-23.35,43.6667,78.37,83,10,3.33,MG,1704672387
403,ulan bator,47.9077,106.8832,-9.27,70,75,0.0,MN,1704672361
404,dul'durga,50.6761,113.5931,2.89,91,22,7.29,RU,1704672388
405,wynyard,-41.0,145.7167,64.36,95,100,6.22,AU,1704672388
406,antalaha,-14.9003,50.2788,77.41,91,73,4.72,MG,1704672388
407,wainwright,52.839,-110.8572,1.09,96,99,3.58,CA,1704672234
408,tallinn,59.437,24.7535,14.11,92,20,10.36,EE,1704672341
409,chornomors'k,46.305,30.6548,44.85,94,100,22.26,UA,1704672333
410,bangjun,39.9911,117.2628,18.32,87,64,1.54,CN,1704672389
411,sampit,-2.5333,112.95,76.1,96,100,1.03,ID,1704672390
412,alaghsas,17.0187,8.0168,66.36,17,5,9.57,NE,1704672390
413,sao borja,-28.6606,-56.0044,78.4,80,99,5.03,BR,1704672231
414,pocone,-16.2567,-56.6228,83.52,65,28,6.8,BR,1704672390
415,krasnyy chikoy,50.3643,108.7512,-4.18,100,93,2.48,RU,1704672390
416,mwinilunga,-11.7358,24.4293,63.19,97,100,2.98,ZM,1704672391
417,tarawa,1.419,172.984,87.89,74,75,4.61,KI,1704672391
418,hithadhoo,-0.6,73.0833,82.6,76,99,11.14,MV,1704672391
419,rauma,61.1272,21.5113,26.64,90,45,10.78,FI,1704672391
420,nogliki,51.8333,143.1667,-8.66,97,96,4.0,RU,1704672392
421,bratsk,56.1325,101.6142,-5.31,100,68,2.3,RU,1704672392
422,ambato,-1.2491,-78.6168,62.71,71,75,4.61,EC,1704672392
423,sao raimundo das mangabeiras,-7.0219,-45.4811,75.02,93,100,9.26,BR,1704672392
424,akalkot,17.5333,76.2167,67.53,64,10,12.15,IN,1704672392
425,spoleto,42.7448,12.7374,49.15,90,100,6.04,IT,1704672393
426,carutapera,-1.195,-46.02,77.09,89,100,5.75,BR,1704672393
427,sabha,27.0377,14.4283,52.65,24,1,4.88,LY,1704672393
428,berdigestyakh,62.0989,126.6992,-51.03,100,69,3.09,RU,1704672394
429,kapuskasing,49.4169,-82.4331,17.69,86,100,10.36,CA,1704672394
430,fazilpur,32.1833,75.0667,46.42,41,100,2.08,PK,1704672394
431,aykhal,66.0,111.5,-18.38,99,100,6.58,RU,1704672394
432,bopolu,7.0667,-10.4875,75.56,92,63,2.73,LR,1704672394
433,qui nhon,13.7667,109.2333,73.0,84,100,7.23,VN,1704672395
434,hammerfest,70.6634,23.6821,27.05,86,75,10.36,NO,1704672395
435,sao joao da barra,-21.6403,-41.0511,77.09,86,11,7.18,BR,1704672395
436,griffith,41.5284,-87.4237,33.66,82,100,8.05,US,1704672395
437,xining,36.6167,101.7667,22.59,31,45,1.99,CN,1704672396
438,paita,-5.0892,-81.1144,74.07,81,86,16.08,PE,1704672396
439,san sebastian de la gomera,28.0916,-17.1133,68.36,82,100,4.61,ES,1704672396
440,hohhot,40.8106,111.6522,-1.91,78,0,6.71,CN,1704672396
441,carlsbad,33.1581,-117.3506,60.01,49,0,17.27,US,1704672185
442,al hada,21.3675,40.2869,49.39,46,1,8.93,SA,1704672397
443,manado,1.487,124.8455,84.97,79,20,2.3,ID,1704672397
444,el dorado,38.7666,-120.5177,41.68,80,13,1.99,US,1704672398
445,tingo maria,-9.2895,-76.0088,73.11,91,69,0.92,PE,1704672398
446,fort-shevchenko,44.5086,50.263,43.11,90,93,16.28,KZ,1704672398
447,acapulco de juarez,16.8634,-99.8901,82.22,74,75,3.44,MX,1704672398
448,al mayadin,35.0209,40.4535,54.57,45,100,9.89,SY,1704672398
449,virginia,37.5481,-77.4467,48.31,64,0,12.66,US,1704672170
450,chui,-33.6971,-53.4616,68.74,97,100,9.35,UY,1704672399
451,arys,42.4252,68.795,44.56,84,100,4.61,KZ,1704672399
452,kathmandu,27.7167,85.3167,43.02,87,20,3.44,NP,1704672364
453,new norfolk,-42.7826,147.0587,60.3,93,100,4.21,AU,1704672400
454,lazaro cardenas,17.9583,-102.2,79.66,67,100,4.83,MX,1704672400
455,floro,61.5996,5.0328,33.96,59,75,10.36,NO,1704672400
456,glendive,47.1053,-104.7125,22.69,93,100,8.05,US,1704672400
457,labuan,5.2767,115.2417,77.36,100,20,0.0,MY,1704672400
458,soller,39.7662,2.7152,52.86,57,1,1.99,ES,1704672401
459,barra de santo antonio,-9.4047,-35.5072,78.08,82,0,8.3,BR,1704672255
460,kutum,14.2,24.6667,56.75,29,3,6.22,SD,1704672401
461,maghar,32.8898,35.407,59.47,68,98,0.56,IL,1704672401
462,ujae,8.9322,165.7642,80.67,70,94,18.41,MH,1704672402
463,vorkuta,67.5,64.0,-6.03,99,100,7.67,RU,1704672402
464,turinsk,58.0458,63.696,-1.86,96,100,9.04,RU,1704672402
465,mariental,-24.6333,17.9667,78.49,18,75,15.32,NA,1704672402
466,asau,46.4333,26.4,24.28,91,100,8.12,RO,1704672403
467,selfoss,63.9331,-20.9971,41.04,98,100,14.18,IS,1704672403
468,ashburton,-37.8626,145.0794,69.39,94,100,3.0,AU,1704672403
469,dunkwa,5.9656,-1.78,77.23,89,20,2.33,GH,1704672403
470,san fernando,15.0286,120.6898,77.18,70,96,5.37,PH,1704672403
471,craig,40.5153,-107.5464,23.38,86,100,0.0,US,1704672404
472,hurricane,37.1753,-113.2899,37.87,56,94,8.01,US,1704672404
473,figuig (centre),32.1089,-1.2286,46.94,17,0,5.23,MA,1704672228
474,atabey,37.9508,30.6386,48.02,88,99,11.18,TR,1704672404
475,luena,-11.7833,19.9167,61.75,97,100,4.47,AO,1704672405
476,sabalgarh,26.25,77.4,48.52,68,0,4.88,IN,1704672405
477,jingdezhen,29.2947,117.2079,46.29,80,100,1.7,CN,1704672405
478,guerrero negro,27.9769,-114.0611,60.82,70,17,24.11,MX,1704672244
479,kisangani,0.5167,25.2,70.18,61,40,2.24,CD,1704672405
480,birao,10.2849,22.7882,63.5,21,5,6.38,CF,1704672406
481,aleg,17.0481,-13.9209,73.83,10,0,10.09,MR,1704672406
482,santa cruz,-17.8,-63.1667,86.05,66,20,16.11,BO,1704672396
483,glace bay,46.1969,-59.957,25.99,77,95,7.0,CA,1704672406
484,bagontapay,6.8589,124.9089,80.06,77,100,1.05,PH,1704672406
485,nicoya,10.1483,-85.452,80.08,64,63,14.14,CR,1704672406
486,i-n-salah,27.1935,2.4607,59.32,24,94,6.73,DZ,1704672407
487,arno,60.1167,18.6333,15.78,92,47,11.36,SE,1704672407
488,mahibadhoo,3.7833,72.9667,81.54,75,100,8.52,MV,1704672407
489,antofagasta,-23.65,-70.4,66.96,79,34,6.2,CL,1704672407
490,boa vista,2.8197,-60.6733,87.48,39,83,9.33,BR,1704672407
491,brigantine,39.4101,-74.3646,41.04,73,40,59.01,US,1704672408
492,lompoc,34.6391,-120.4579,58.51,51,0,18.41,US,1704672408
493,mount airy,36.4993,-80.6073,42.04,60,0,5.01,US,1704672408
494,santa cruz cabralia,-16.2781,-39.0247,75.43,94,75,3.44,BR,1704672340
495,cole harbour,44.6724,-63.4751,24.96,82,100,5.99,CA,1704672408
496,valday,57.9747,33.2525,-10.97,99,32,3.0,RU,1704672409
497,constantia,44.1833,28.65,41.68,93,100,11.01,RO,1704672246
498,timmins,48.4669,-81.3331,17.4,98,100,0.63,CA,1704672409
499,nanga eboko,4.6833,12.3667,65.21,37,69,2.19,CM,1704672409
500,bel ombre,-4.6167,55.4167,80.44,80,97,13.49,SC,1704672409
501,ghanzi,-21.5667,21.7833,81.1,41,99,4.47,BW,1704672410
502,nago,26.5881,127.9761,67.05,57,22,4.45,JP,1704672410
503,cox's bazar,21.4532,91.9798,58.93,79,0,11.03,BD,1704672410
504,khromtau,50.2503,58.4347,2.77,93,70,16.93,KZ,1704672410
505,kamaishi,39.2667,141.8833,32.95,47,13,13.13,JP,1704672411
506,duiwelskloof,-23.6934,30.14,67.68,64,3,2.89,ZA,1704672411
507,papao,-17.75,-149.55,85.68,81,27,12.91,PF,1704672411
508,kirakira,-10.4544,161.9205,85.14,73,38,4.05,SB,1704672411
509,carauari,-4.8828,-66.8958,76.73,92,84,2.26,BR,1704672411
510,aldinga beach,-35.2793,138.4604,73.76,65,64,13.47,AU,1704672412
511,awjilah,29.1081,21.2869,54.41,26,10,6.67,LY,1704672412
512,bikenibeu village,1.3673,173.1241,83.41,76,99,13.27,KI,1704672412
513,cambria,35.5641,-121.0808,57.42,50,0,13.2,US,1704672412
514,vielsalm,50.2841,5.915,28.67,83,100,11.34,BE,1704672413
515,machiques,10.0644,-72.545,79.84,70,98,6.87,VE,1704672413
516,ust'-uda,54.1742,103.0304,-13.92,100,87,1.25,RU,1704672413
517,caleta de carquin,-11.0925,-77.6267,73.02,82,71,9.33,PE,1704672413
518,la punta,-33.1837,-66.3127,73.49,65,8,6.51,AR,1704672413
519,vilyuchinsk,52.9306,158.4028,4.93,84,18,6.44,RU,1704672414
520,togur,58.3631,82.8265,-7.1,100,97,9.33,RU,1704672414
521,kailua-kona,19.6406,-155.9956,80.56,76,40,9.22,US,1704672414
522,gadani,25.1185,66.7299,55.62,42,0,3.98,PK,1704672414
523,sidhauli,27.2833,80.8333,49.53,72,0,4.99,IN,1704672415
524,padangsidempuan,1.3667,99.2667,71.96,99,100,3.74,ID,1704672415
525,belmonte,-15.8631,-38.8828,78.1,90,100,4.38,BR,1704672415
526,rio brilhante,-21.8019,-54.5464,87.28,40,50,3.91,BR,1704672415
527,nuuk,64.1835,-51.7216,25.41,80,100,17.27,GL,1704672416
528,zachary,30.6485,-91.1565,53.35,66,0,3.44,US,1704672416
529,malvan,16.0667,73.4667,75.76,69,71,6.53,IN,1704672416
530,ivdel',60.6911,60.4206,-2.97,94,100,5.01,RU,1704672416
531,greenland,43.0362,-70.8328,25.43,91,100,14.97,US,1704672416
532,walvis bay,-22.9575,14.5053,63.55,88,2,11.3,NA,1704672416
533,bubaque,11.2833,-15.8333,79.79,66,7,10.74,GW,1704672417
534,chutove,49.7104,35.1603,15.71,77,100,18.45,UA,1704672417
535,bonthe,7.5264,-12.505,80.11,87,29,6.35,SL,1704672417
536,payakumbuh,-0.2202,100.6308,71.19,99,99,1.54,ID,1704672417
537,alik ghund,30.4896,67.5226,34.39,94,94,1.1,PK,1704672418
538,kerikeri,-35.2268,173.9474,71.83,60,12,8.93,NZ,1704672418
539,engenheiro beltrao,-23.7972,-52.2692,79.52,52,38,3.24,BR,1704672418
540,axim,4.8699,-2.2405,80.85,86,21,7.36,GH,1704672418
541,santo nino,6.435,124.6975,79.54,79,99,1.41,PH,1704672418
542,constitucion,-35.3333,-72.4167,60.66,76,1,16.4,CL,1704672419
543,san juan,-31.5375,-68.5364,87.64,30,1,11.9,AR,1704672227
544,altai,46.3722,96.2583,3.72,94,100,5.37,MN,1704672419
545,gorontalo,0.5412,123.0595,79.92,85,96,2.98,ID,1704672419
546,lospalos,-8.5186,127.0025,80.1,67,93,1.92,TL,1704672420
547,kulhudhuffushi,6.6221,73.07,81.81,75,79,5.73,MV,1704672420
548,xuddur,4.1213,43.8894,69.28,65,45,16.2,SO,1704672420
549,vila velha,-20.3297,-40.2925,78.75,78,100,1.14,BR,1704672420
550,usogorsk,63.4106,48.6872,5.67,97,98,6.55,RU,1704672420
551,mungia,43.35,-2.8333,46.67,87,75,3.44,ES,1704672421
552,lloydminster,53.2835,-110.0016,-1.98,84,75,3.44,CA,1704672421
553,santa terezinha,-29.9002,-50.0904,74.08,91,80,10.47,BR,1704672422
554,bodaybo,57.8506,114.1933,-8.73,95,95,4.16,RU,1704672422
555,san pedro pochutla,15.7333,-96.4667,77.52,69,50,4.97,MX,1704672423
556,kuta,-8.7233,115.1723,82.35,78,20,3.44,ID,1704672423
557,luau,-10.7073,22.2247,64.6,97,90,4.09,AO,1704672423
558,salekhard,66.53,66.6019,-24.14,100,90,2.13,RU,1704672424
559,fonte boa,-2.4959,-66.2662,80.76,75,58,1.25,BR,1704672424
560,sinop,41.7711,34.8709,46.96,83,63,7.02,TR,1704672426
561,khovd,48.0056,91.6419,11.8,91,89,2.26,MN,1704672263
562,zhanaozen,43.3,52.8,40.91,79,87,9.93,KZ,1704672427
563,coquimbo,-29.9533,-71.3436,67.73,77,0,9.22,CL,1704672210
564,gebeit,21.0667,36.3167,64.54,78,0,4.68,SD,1704672427
565,coari,-4.085,-63.1414,77.41,87,54,2.84,BR,1704672430
566,ceeldheer,3.8488,47.1806,75.18,75,5,19.98,SO,1704672431
567,taulaga,-11.0553,-171.0883,83.19,72,96,9.46,AS,1704672431
568,saint-paul,-21.0096,55.2707,78.91,83,57,5.91,RE,1704672431
569,empalme,27.9667,-110.8167,67.35,52,20,17.27,MX,1704672432
570,lake havasu city,34.4839,-114.3224,56.01,19,0,19.57,US,1704672433
571,alofi,-19.0595,-169.9187,81.18,79,22,8.34,NU,1704672434
572,camden,39.7835,-74.9663,40.84,78,68,5.01,US,1704672248
573,nemuro,43.3236,145.575,31.24,70,31,17.69,JP,1704672435
574,saudarkrokur,65.7461,-19.6394,41.58,89,100,20.33,IS,1704672435
575,pokhara,28.2333,83.9833,51.06,33,0,5.3,NP,1704672436
576,viedma,-40.8135,-62.9967,72.72,59,46,13.8,AR,1704672350
577,siwa oasis,29.2041,25.5195,52.57,27,2,8.39,EG,1704672440
578,saposoa,-6.934,-76.7716,74.35,93,100,2.35,PE,1704672440
579,brak,27.5496,14.2714,52.74,26,1,4.83,LY,1704672440
580,palikir - national government center,6.9248,158.1611,83.25,84,75,11.5,FM,1704672441
581,fort stockton,30.894,-102.8793,58.75,29,8,1.01,US,1704672387
582,suez,29.9737,32.5263,59.31,49,31,1.52,EG,1704672206
583,heunghae,36.1125,129.3522,24.78,36,0,5.99,KR,1704672441
584,khandyga,62.6667,135.6,-56.96,100,96,2.13,RU,1704672442
585,khlong luang,14.0647,100.6458,76.96,82,26,1.14,TH,1704672442
586,pimentel,-6.8367,-79.9342,75.49,73,100,13.8,PE,1704672442
587,mizdah,31.4451,12.9801,45.63,54,64,16.15,LY,1704672442
588,magadan,59.5667,150.8,-24.97,83,8,5.77,RU,1704672213
